10
22
31
9
24
27
29
9
23
12
33
29
14
37
28
29
39
25
34
35
30
40
26
30
23
31
24
27
43
33
36
9
43
36
29
10
30
35
29
21
20
22
35
19
32
26
33
32
26
44
25
35
28
23
39
27
37
41
31
36
17
39
9
28
28
13
33
26
37
32
32
28
36
12
29
11
34
29
24
41
27
11
31
10
38
11
28
27
31
10
11
24
28
32
44
36
26
34
23
35
30
42
30
33
30
17
31
25
35
21
20
32
12
7
34
22
38
24
43
28
12
36
36
13
27
28
13
35
25
34
29
48
11
9
11
41
29
37
25
29
27
21
36
31
27
28
44
30
27
18
22
34
18
29
39
32
29
21
30
38
32
25
31
30
16
11
24
27
31
28
46
34
26
35
34
11
38
10
33
23
37
28
31
12
42
23
28
39
33
10
29
10
39
26
34
39
12
12
37
23
31
32
7
10
28
23
33
11
30
30
30
30
13
12
27
19
45
25
43
30
25
28
32
29
29
41
35
29
24
38
20
21
38
30
37
11
31
33
28
10
40
20
22
13
32
14
24
26
36
42
5
16
38
34
25
36
9
24
38
32
21
29
35
31
21
12
30
31
11
35
22
19
39
30
31
26
30
27
23
28
37
35
11
29
37
9
36
8
32
26
33
42
34
40
15
32
26
15
8
41
24
31
43
22
34
26
33
21
19
30
27
30
31
27
27
23
24
35
34
11
33
29
19
28
30
35
11
35
31
34
13
32
24
11
38
28
32
12
30
38
17
32
26
30
25
10
31
35
27
9
37
12
23
29
29
12
40
25
9
28
37
22
41
10
33
26
28
22
29
31
24
29
32
27
29
20
27
7
32
29
27
28
33
33
15
26
10
28
27
24
33
12
36
19
25
22
34
26
34